# temperature[K] recRate[cm**3 s**-1]
1.000000e+01 6.923098e-11
1.016265e+01 6.923098e-11
1.032795e+01 6.923098e-11
1.049593e+01 6.923098e-11
1.066665e+01 6.923098e-11
1.084014e+01 6.923098e-11
1.101646e+01 6.923098e-11
1.119564e+01 6.923098e-11
1.137774e+01 6.923098e-11
1.156280e+01 6.923098e-11
1.175087e+01 6.923098e-11
1.194200e+01 6.923098e-11
1.213624e+01 6.923098e-11
1.233363e+01 6.923098e-11
1.253424e+01 6.923098e-11
1.273811e+01 6.923098e-11
1.294530e+01 6.923098e-11
1.315586e+01 6.923098e-11
1.336984e+01 6.923098e-11
1.358730e+01 6.923098e-11
1.380830e+01 6.923098e-11
1.403289e+01 6.923098e-11
1.426114e+01 6.923098e-11
1.449310e+01 6.923098e-11
1.472883e+01 6.923098e-11
1.496839e+01 6.923098e-11
1.521186e+01 6.923098e-11
1.545928e+01 6.923098e-11
1.571072e+01 6.923098e-11
1.596626e+01 6.923098e-11
1.622595e+01 6.923098e-11
1.648987e+01 6.923098e-11
1.675808e+01 6.923098e-11
1.703065e+01 6.923098e-11
1.730766e+01 6.923098e-11
1.758917e+01 6.923098e-11
1.787526e+01 6.923098e-11
1.816600e+01 6.923098e-11
1.846147e+01 6.923098e-11
1.876175e+01 6.923098e-11
1.906691e+01 6.923098e-11
1.937703e+01 6.923098e-11
1.969220e+01 6.923098e-11
2.001250e+01 6.923098e-11
2.033800e+01 6.923098e-11
2.066880e+01 6.923098e-11
2.100498e+01 6.923098e-11
2.134663e+01 6.923098e-11
2.169384e+01 6.923098e-11
2.204669e+01 6.923098e-11
2.240528e+01 6.923098e-11
2.276970e+01 6.923098e-11
2.314005e+01 6.923098e-11
2.351643e+01 6.923098e-11
2.389893e+01 6.923098e-11
2.428764e+01 6.923098e-11
2.468268e+01 6.923098e-11
2.508415e+01 6.923098e-11
2.549215e+01 6.923098e-11
2.590678e+01 6.923098e-11
2.632815e+01 6.923098e-11
2.675638e+01 6.923098e-11
2.719158e+01 6.923098e-11
2.763385e+01 6.923098e-11
2.808332e+01 6.923098e-11
2.854010e+01 6.923098e-11
2.900430e+01 6.923098e-11
2.947606e+01 6.923098e-11
2.995549e+01 6.923098e-11
3.044272e+01 6.923098e-11
3.093788e+01 6.923098e-11
3.144108e+01 6.923098e-11
3.195248e+01 6.923098e-11
3.247218e+01 6.923098e-11
3.300035e+01 6.923098e-11
3.353710e+01 6.923098e-11
3.408259e+01 6.923098e-11
3.463694e+01 6.923098e-11
3.520031e+01 6.923098e-11
3.577285e+01 6.923098e-11
3.635470e+01 6.923098e-11
3.694601e+01 6.923098e-11
3.754694e+01 6.923098e-11
3.815765e+01 6.923098e-11
3.877828e+01 6.923098e-11
3.940902e+01 6.923098e-11
4.005001e+01 6.918025e-11
4.070142e+01 6.852836e-11
4.136344e+01 6.788234e-11
4.203622e+01 6.724213e-11
4.271994e+01 6.660770e-11
4.341478e+01 6.597898e-11
4.412093e+01 6.535593e-11
4.483856e+01 6.473851e-11
4.556786e+01 6.412666e-11
4.630903e+01 6.352034e-11
4.706225e+01 6.291950e-11
4.782772e+01 6.232409e-11
4.860564e+01 6.173407e-11
4.939622e+01 6.114939e-11
5.019965e+01 6.057001e-11
5.101615e+01 5.999588e-11
5.184594e+01 5.942696e-11
5.268921e+01 5.886320e-11
5.354621e+01 5.830456e-11
5.441714e+01 5.775099e-11
5.530224e+01 5.720245e-11
5.620174e+01 5.665890e-11
5.711586e+01 5.612029e-11
5.804486e+01 5.558659e-11
5.898896e+01 5.505774e-11
5.994843e+01 5.453372e-11
6.092349e+01 5.401447e-11
6.191442e+01 5.349996e-11
6.292146e+01 5.299014e-11
6.394488e+01 5.248498e-11
6.498495e+01 5.198443e-11
6.604194e+01 5.148846e-11
6.711612e+01 5.099702e-11
6.820777e+01 5.051008e-11
6.931717e+01 5.002760e-11
7.044462e+01 4.954953e-11
7.159041e+01 4.907585e-11
7.275484e+01 4.860651e-11
7.393820e+01 4.814147e-11
7.514081e+01 4.768071e-11
7.636298e+01 4.722417e-11
7.760503e+01 4.677183e-11
7.886729e+01 4.632364e-11
8.015007e+01 4.587958e-11
8.145372e+01 4.543960e-11
8.277857e+01 4.500368e-11
8.412497e+01 4.457176e-11
8.549327e+01 4.414383e-11
8.688383e+01 4.371985e-11
8.829700e+01 4.329977e-11
8.973316e+01 4.288357e-11
9.119268e+01 4.247121e-11
9.267593e+01 4.206267e-11
9.418332e+01 4.165789e-11
9.571522e+01 4.125686e-11
9.727203e+01 4.085955e-11
9.885417e+01 4.046590e-11
1.004620e+02 4.007591e-11
1.020961e+02 3.968953e-11
1.037567e+02 3.930672e-11
1.054443e+02 3.892747e-11
1.071593e+02 3.855174e-11
1.089023e+02 3.817949e-11
1.106736e+02 3.781071e-11
1.124737e+02 3.744535e-11
1.143031e+02 3.708338e-11
1.161623e+02 3.672478e-11
1.180517e+02 3.636952e-11
1.199718e+02 3.601757e-11
1.219231e+02 3.566889e-11
1.239062e+02 3.532346e-11
1.259216e+02 3.498125e-11
1.279697e+02 3.464224e-11
1.300511e+02 3.430639e-11
1.321664e+02 3.397367e-11
1.343161e+02 3.364406e-11
1.365008e+02 3.331753e-11
1.387210e+02 3.299405e-11
1.409773e+02 3.267360e-11
1.432703e+02 3.235615e-11
1.456006e+02 3.204166e-11
1.479688e+02 3.173013e-11
1.503755e+02 3.142151e-11
1.528214e+02 3.111578e-11
1.553071e+02 3.081293e-11
1.578331e+02 3.051291e-11
1.604003e+02 3.021571e-11
1.630092e+02 2.992130e-11
1.656606e+02 2.962966e-11
1.683551e+02 2.934075e-11
1.710934e+02 2.905457e-11
1.738762e+02 2.877107e-11
1.767044e+02 2.849025e-11
1.795785e+02 2.821207e-11
1.824993e+02 2.793650e-11
1.854677e+02 2.766354e-11
1.884843e+02 2.739315e-11
1.915501e+02 2.712531e-11
1.946656e+02 2.685999e-11
1.978319e+02 2.659718e-11
2.010496e+02 2.633685e-11
2.043197e+02 2.607899e-11
2.076430e+02 2.582355e-11
2.110203e+02 2.557054e-11
2.144526e+02 2.531992e-11
2.179407e+02 2.507166e-11
2.214855e+02 2.482576e-11
2.250880e+02 2.458219e-11
2.287491e+02 2.434093e-11
2.324697e+02 2.410195e-11
2.362508e+02 2.386524e-11
2.400935e+02 2.363077e-11
2.439986e+02 2.339853e-11
2.479673e+02 2.316850e-11
2.520005e+02 2.294065e-11
2.560993e+02 2.271496e-11
2.602648e+02 2.249142e-11
2.644980e+02 2.227001e-11
2.688001e+02 2.205070e-11
2.731722e+02 2.183348e-11
2.776153e+02 2.161833e-11
2.821308e+02 2.140523e-11
2.867196e+02 2.119415e-11
2.913832e+02 2.098509e-11
2.961225e+02 2.077802e-11
3.009390e+02 2.057293e-11
3.058338e+02 2.036980e-11
3.108082e+02 2.016860e-11
3.158635e+02 1.996933e-11
3.210011e+02 1.977196e-11
3.262222e+02 1.957647e-11
3.315282e+02 1.938286e-11
3.369206e+02 1.919109e-11
3.424006e+02 1.900117e-11
3.479698e+02 1.881305e-11
3.536296e+02 1.862675e-11
3.593814e+02 1.844222e-11
3.652267e+02 1.825946e-11
3.711672e+02 1.807846e-11
3.772042e+02 1.789919e-11
3.833395e+02 1.772164e-11
3.895746e+02 1.754580e-11
3.959110e+02 1.737164e-11
4.023506e+02 1.719915e-11
4.088948e+02 1.702833e-11
4.155455e+02 1.685914e-11
4.223044e+02 1.669158e-11
4.291732e+02 1.652563e-11
4.361538e+02 1.636128e-11
4.432479e+02 1.619851e-11
4.504573e+02 1.603730e-11
4.577841e+02 1.587765e-11
4.652300e+02 1.571954e-11
4.727970e+02 1.556295e-11
4.804870e+02 1.540787e-11
4.883022e+02 1.525429e-11
4.962445e+02 1.510218e-11
5.043159e+02 1.495155e-11
5.125187e+02 1.480237e-11
5.208549e+02 1.465463e-11
5.293266e+02 1.450831e-11
5.379362e+02 1.436342e-11
5.466857e+02 1.421992e-11
5.555776e+02 1.407781e-11
5.646141e+02 1.393707e-11
5.737976e+02 1.379769e-11
5.831305e+02 1.365967e-11
5.926152e+02 1.352298e-11
6.022541e+02 1.338761e-11
6.120498e+02 1.325356e-11
6.220049e+02 1.312080e-11
6.321218e+02 1.298933e-11
6.424034e+02 1.285914e-11
6.528521e+02 1.273021e-11
6.634708e+02 1.260253e-11
6.742622e+02 1.247609e-11
6.852292e+02 1.235088e-11
6.963745e+02 1.222688e-11
7.077011e+02 1.210409e-11
7.192119e+02 1.198250e-11
7.309099e+02 1.186208e-11
7.427982e+02 1.174284e-11
7.548799e+02 1.162475e-11
7.671581e+02 1.150782e-11
7.796360e+02 1.139202e-11
7.923169e+02 1.127735e-11
8.052040e+02 1.116380e-11
8.183007e+02 1.105135e-11
8.316104e+02 1.094000e-11
8.451366e+02 1.082973e-11
8.588829e+02 1.072054e-11
8.728527e+02 1.061242e-11
8.870497e+02 1.050535e-11
9.014776e+02 1.039932e-11
9.161402e+02 1.029433e-11
9.310413e+02 1.019037e-11
9.461848e+02 1.008742e-11
9.615746e+02 9.985478e-12
9.772147e+02 9.884532e-12
9.931092e+02 9.784573e-12
1.009262e+03 9.685591e-12
1.025678e+03 9.587577e-12
1.042361e+03 9.490523e-12
1.059315e+03 9.394419e-12
1.076545e+03 9.299255e-12
1.094055e+03 9.205024e-12
1.111850e+03 9.111716e-12
1.129934e+03 9.019322e-12
1.148312e+03 8.927834e-12
1.166990e+03 8.837244e-12
1.185971e+03 8.747541e-12
1.205261e+03 8.658719e-12
1.224865e+03 8.570768e-12
1.244787e+03 8.483681e-12
1.265034e+03 8.397448e-12
1.285610e+03 8.312063e-12
1.306520e+03 8.227516e-12
1.327771e+03 8.143801e-12
1.349367e+03 8.060908e-12
1.371315e+03 7.978830e-12
1.393619e+03 7.897559e-12
1.416287e+03 7.817088e-12
1.439323e+03 7.737409e-12
1.462733e+03 7.658514e-12
1.486525e+03 7.580396e-12
1.510703e+03 7.503047e-12
1.535275e+03 7.426460e-12
1.560246e+03 7.350628e-12
1.585624e+03 7.275544e-12
1.611414e+03 7.201199e-12
1.637624e+03 7.127588e-12
1.664260e+03 7.054702e-12
1.691330e+03 6.982536e-12
1.718839e+03 6.911082e-12
1.746796e+03 6.840334e-12
1.775208e+03 6.770284e-12
1.804082e+03 6.700926e-12
1.833425e+03 6.632253e-12
1.863246e+03 6.564259e-12
1.893552e+03 6.496937e-12
1.924351e+03 6.430280e-12
1.955651e+03 6.364283e-12
1.987460e+03 6.298939e-12
2.019786e+03 6.234241e-12
2.052638e+03 6.170184e-12
2.086024e+03 6.106761e-12
2.119953e+03 6.043966e-12
2.154435e+03 5.981792e-12
2.189477e+03 5.920235e-12
2.225089e+03 5.859288e-12
2.261280e+03 5.798946e-12
2.298060e+03 5.739201e-12
2.335438e+03 5.680049e-12
2.373424e+03 5.621484e-12
2.412028e+03 5.563500e-12
2.451260e+03 5.506092e-12
2.491130e+03 5.449253e-12
2.531648e+03 5.392979e-12
2.572826e+03 5.337264e-12
2.614673e+03 5.282103e-12
2.657201e+03 5.227490e-12
2.700421e+03 5.173419e-12
2.744343e+03 5.119887e-12
2.788980e+03 5.066887e-12
2.834343e+03 5.014414e-12
2.880444e+03 4.962463e-12
2.927295e+03 4.911029e-12
2.974908e+03 4.860108e-12
3.023295e+03 4.809693e-12
3.072469e+03 4.759781e-12
3.122443e+03 4.710366e-12
3.173230e+03 4.661444e-12
3.224842e+03 4.613009e-12
3.277295e+03 4.565058e-12
3.330600e+03 4.517584e-12
3.384773e+03 4.470584e-12
3.439826e+03 4.424054e-12
3.495776e+03 4.377987e-12
3.552635e+03 4.332381e-12
3.610419e+03 4.287230e-12
3.669142e+03 4.242530e-12
3.728821e+03 4.198277e-12
3.789471e+03 4.154466e-12
3.851107e+03 4.111093e-12
3.913746e+03 4.068154e-12
3.977403e+03 4.025644e-12
4.042096e+03 3.983560e-12
4.107841e+03 3.941897e-12
4.174655e+03 3.900651e-12
4.242556e+03 3.859818e-12
4.311562e+03 3.819393e-12
4.381690e+03 3.779374e-12
4.452959e+03 3.739756e-12
4.525386e+03 3.700535e-12
4.598992e+03 3.661707e-12
4.673795e+03 3.623269e-12
4.749815e+03 3.585216e-12
4.827071e+03 3.547545e-12
4.905584e+03 3.510252e-12
4.985373e+03 3.473333e-12
5.066461e+03 3.436785e-12
5.148867e+03 3.400604e-12
5.232614e+03 3.364787e-12
5.317723e+03 3.329330e-12
5.404216e+03 3.294229e-12
5.492116e+03 3.259481e-12
5.581446e+03 3.225083e-12
5.672229e+03 3.191031e-12
5.764488e+03 3.157321e-12
5.858248e+03 3.123951e-12
5.953533e+03 3.090916e-12
6.050368e+03 3.058215e-12
6.148778e+03 3.025843e-12
6.248788e+03 2.993797e-12
6.350425e+03 2.962074e-12
6.453715e+03 2.930671e-12
6.558686e+03 2.899585e-12
6.665363e+03 2.868812e-12
6.773776e+03 2.838350e-12
6.883952e+03 2.808196e-12
6.995920e+03 2.778345e-12
7.109709e+03 2.748797e-12
7.225349e+03 2.719547e-12
7.342870e+03 2.690592e-12
7.462303e+03 2.661930e-12
7.583678e+03 2.633558e-12
7.707027e+03 2.605473e-12
7.832383e+03 2.577673e-12
7.959777e+03 2.550153e-12
8.089243e+03 2.522912e-12
8.220816e+03 2.495947e-12
8.354528e+03 2.469255e-12
8.490415e+03 2.442834e-12
8.628513e+03 2.416680e-12
8.768856e+03 2.390792e-12
8.911482e+03 2.365166e-12
9.056428e+03 2.339800e-12
9.203732e+03 2.314691e-12
9.353432e+03 2.289838e-12
9.505566e+03 2.265236e-12
9.660175e+03 2.240885e-12
9.817298e+03 2.216781e-12
9.976978e+03 2.192922e-12
1.013925e+04 2.169306e-12
1.030417e+04 2.145929e-12
1.047177e+04 2.122791e-12
1.064209e+04 2.099888e-12
1.081519e+04 2.077218e-12
1.099110e+04 2.054779e-12
1.116987e+04 2.032569e-12
1.135155e+04 2.010585e-12
1.153618e+04 1.988825e-12
1.172382e+04 1.967287e-12
1.191451e+04 1.945969e-12
1.210830e+04 1.924868e-12
1.230524e+04 1.903982e-12
1.250539e+04 1.883310e-12
1.270879e+04 1.862849e-12
1.291550e+04 1.842597e-12
1.312557e+04 1.822552e-12
1.333906e+04 1.802712e-12
1.355602e+04 1.783075e-12
1.377651e+04 1.763639e-12
1.400058e+04 1.744401e-12
1.422830e+04 1.725361e-12
1.445973e+04 1.706516e-12
1.469492e+04 1.687864e-12
1.493393e+04 1.669403e-12
1.517683e+04 1.651131e-12
1.542369e+04 1.633047e-12
1.567455e+04 1.615148e-12
1.592950e+04 1.597433e-12
1.618860e+04 1.579900e-12
1.645191e+04 1.562547e-12
1.671950e+04 1.545373e-12
1.699144e+04 1.528375e-12
1.726781e+04 1.511552e-12
1.754867e+04 1.494902e-12
1.783410e+04 1.478423e-12
1.812418e+04 1.462114e-12
1.841897e+04 1.445973e-12
1.871855e+04 1.429999e-12
1.902301e+04 1.414189e-12
1.933242e+04 1.398542e-12
1.964687e+04 1.383056e-12
1.996642e+04 1.367731e-12
2.029118e+04 1.352564e-12
2.062122e+04 1.337553e-12
2.095662e+04 1.322697e-12
2.129749e+04 1.307996e-12
2.164389e+04 1.293446e-12
2.199593e+04 1.279047e-12
2.235370e+04 1.264797e-12
2.271728e+04 1.250694e-12
2.308678e+04 1.236738e-12
2.346229e+04 1.222926e-12
2.384390e+04 1.209258e-12
2.423173e+04 1.195731e-12
2.462586e+04 1.182345e-12
2.502640e+04 1.169098e-12
2.543346e+04 1.155988e-12
2.584714e+04 1.143015e-12
2.626754e+04 1.130177e-12
2.669478e+04 1.117472e-12
2.712898e+04 1.104900e-12
2.757023e+04 1.092458e-12
2.801867e+04 1.080147e-12
2.847439e+04 1.067963e-12
2.893753e+04 1.055907e-12
2.940820e+04 1.043976e-12
2.988653e+04 1.032170e-12
3.037264e+04 1.020488e-12
3.086665e+04 1.008927e-12
3.136870e+04 9.974875e-13
3.187891e+04 9.861676e-13
3.239743e+04 9.749662e-13
3.292437e+04 9.638820e-13
3.345989e+04 9.529141e-13
3.400412e+04 9.420611e-13
3.455720e+04 9.313220e-13
3.511928e+04 9.206956e-13
3.569049e+04 9.101809e-13
3.627100e+04 8.997766e-13
3.686095e+04 8.894817e-13
3.746050e+04 8.792951e-13
3.806980e+04 8.692157e-13
3.868901e+04 8.592424e-13
3.931829e+04 8.493743e-13
3.995780e+04 8.396102e-13
4.060772e+04 8.299491e-13
4.126821e+04 8.203900e-13
4.193944e+04 8.109319e-13
4.262159e+04 8.015737e-13
4.331483e+04 7.923145e-13
4.401935e+04 7.831533e-13
4.473533e+04 7.740891e-13
4.546295e+04 7.651209e-13
4.620241e+04 7.562478e-13
4.695390e+04 7.474688e-13
4.771761e+04 7.387830e-13
4.849374e+04 7.301894e-13
4.928250e+04 7.216872e-13
5.008408e+04 7.132754e-13
5.089870e+04 7.049532e-13
5.172657e+04 6.967195e-13
5.256791e+04 6.885736e-13
5.342293e+04 6.805146e-13
5.429186e+04 6.725416e-13
5.517492e+04 6.646537e-13
5.607235e+04 6.568500e-13
5.698437e+04 6.491299e-13
5.791123e+04 6.414923e-13
5.885316e+04 6.339365e-13
5.981041e+04 6.264617e-13
6.078323e+04 6.190670e-13
6.177188e+04 6.117517e-13
6.277660e+04 6.045149e-13
6.379767e+04 5.973559e-13
6.483534e+04 5.902739e-13
6.588990e+04 5.832681e-13
6.696160e+04 5.763378e-13
6.805074e+04 5.694822e-13
6.915759e+04 5.627005e-13
7.028244e+04 5.559920e-13
7.142559e+04 5.493560e-13
7.258734e+04 5.427918e-13
7.376798e+04 5.362986e-13
7.496782e+04 5.298757e-13
7.618718e+04 5.235224e-13
7.742637e+04 5.172380e-13
7.868572e+04 5.110219e-13
7.996555e+04 5.048733e-13
8.126619e+04 4.987915e-13
8.258799e+04 4.927759e-13
8.393129e+04 4.868259e-13
8.529644e+04 4.809407e-13
8.668380e+04 4.751197e-13
8.809372e+04 4.693623e-13
8.952657e+04 4.636677e-13
9.098273e+04 4.580355e-13
9.246257e+04 4.524650e-13
9.396648e+04 4.469555e-13
9.549486e+04 4.415064e-13
9.704809e+04 4.361171e-13
9.862658e+04 4.307870e-13
1.002308e+05 4.255156e-13
1.018610e+05 4.203022e-13
1.035178e+05 4.151462e-13
1.052015e+05 4.100471e-13
1.069126e+05 4.050043e-13
1.086516e+05 4.000172e-13
1.104188e+05 3.950852e-13
1.122148e+05 3.902078e-13
1.140400e+05 3.853845e-13
1.158948e+05 3.806147e-13
1.177799e+05 3.758979e-13
1.196956e+05 3.712334e-13
1.216424e+05 3.666209e-13
1.236210e+05 3.620597e-13
1.256317e+05 3.575494e-13
1.276751e+05 3.530894e-13
1.297517e+05 3.486792e-13
1.318621e+05 3.443183e-13
1.340069e+05 3.400062e-13
1.361865e+05 3.357425e-13
1.384016e+05 3.315266e-13
1.406527e+05 3.273580e-13
1.429405e+05 3.232363e-13
1.452654e+05 3.191609e-13
1.476281e+05 3.151315e-13
1.500293e+05 3.111475e-13
1.524696e+05 3.072085e-13
1.549495e+05 3.033141e-13
1.574698e+05 2.994636e-13
1.600310e+05 2.956568e-13
1.626340e+05 2.918932e-13
1.652792e+05 2.881723e-13
1.679675e+05 2.844937e-13
1.706995e+05 2.808570e-13
1.734759e+05 2.772617e-13
1.762975e+05 2.737074e-13
1.791650e+05 2.701937e-13
1.820792e+05 2.667202e-13
1.850407e+05 2.632864e-13
1.880504e+05 2.598920e-13
1.911091e+05 2.565366e-13
1.942175e+05 2.532197e-13
1.973764e+05 2.499409e-13
2.005868e+05 2.466999e-13
2.038493e+05 2.434963e-13
2.071650e+05 2.403297e-13
2.105345e+05 2.371997e-13
2.139589e+05 2.341059e-13
2.174389e+05 2.310480e-13
2.209756e+05 2.280256e-13
2.245698e+05 2.250382e-13
2.282224e+05 2.220857e-13
2.319345e+05 2.191675e-13
2.357069e+05 2.162834e-13
2.395407e+05 2.134330e-13
2.434369e+05 2.106159e-13
2.473964e+05 2.078318e-13
2.514203e+05 2.050804e-13
2.555097e+05 2.023612e-13
2.596656e+05 1.996741e-13
2.638891e+05 1.970186e-13
2.681813e+05 1.943944e-13
2.725433e+05 1.918012e-13
2.769762e+05 1.892387e-13
2.814812e+05 1.867065e-13
2.860596e+05 1.842043e-13
2.907123e+05 1.817318e-13
2.954408e+05 1.792888e-13
3.002462e+05 1.768748e-13
3.051297e+05 1.744897e-13
3.100927e+05 1.721330e-13
3.151363e+05 1.698045e-13
3.202621e+05 1.675039e-13
3.254712e+05 1.652309e-13
3.307650e+05 1.629852e-13
3.361449e+05 1.607665e-13
3.416123e+05 1.585746e-13
3.471687e+05 1.564091e-13
3.528154e+05 1.542698e-13
3.585540e+05 1.521564e-13
3.643859e+05 1.500686e-13
3.703127e+05 1.480061e-13
3.763358e+05 1.459687e-13
3.824570e+05 1.439562e-13
3.886777e+05 1.419682e-13
3.949995e+05 1.400044e-13
4.014242e+05 1.380647e-13
4.079535e+05 1.361488e-13
4.145888e+05 1.342564e-13
4.213322e+05 1.323873e-13
4.281852e+05 1.305411e-13
4.351497e+05 1.287178e-13
4.422274e+05 1.269169e-13
4.494203e+05 1.251384e-13
4.567301e+05 1.233819e-13
4.641589e+05 1.216472e-13
4.717085e+05 1.199341e-13
4.793808e+05 1.182423e-13
4.871780e+05 1.165716e-13
4.951020e+05 1.149218e-13
5.031549e+05 1.132926e-13
5.113388e+05 1.116839e-13
5.196557e+05 1.100953e-13
5.281080e+05 1.085268e-13
5.366977e+05 1.069780e-13
5.454271e+05 1.054488e-13
5.542986e+05 1.039389e-13
5.633143e+05 1.024481e-13
5.724766e+05 1.009763e-13
5.817880e+05 9.952312e-14
5.912508e+05 9.808848e-14
6.008676e+05 9.667213e-14
6.106408e+05 9.527388e-14
6.205729e+05 9.389353e-14
6.306666e+05 9.253088e-14
6.409244e+05 9.118572e-14
6.513491e+05 8.985788e-14
6.619433e+05 8.854715e-14
6.727099e+05 8.725335e-14
6.836516e+05 8.597628e-14
6.947713e+05 8.471577e-14
7.060718e+05 8.347162e-14
7.175561e+05 8.224365e-14
7.292272e+05 8.103168e-14
7.410882e+05 7.983553e-14
7.531420e+05 7.865502e-14
7.653919e+05 7.748998e-14
7.778411e+05 7.634023e-14
7.904928e+05 7.520560e-14
8.033502e+05 7.408591e-14
8.164168e+05 7.298101e-14
8.296959e+05 7.189071e-14
8.431909e+05 7.081486e-14
8.569055e+05 6.975328e-14
8.708431e+05 6.870582e-14
8.850075e+05 6.767231e-14
8.994022e+05 6.665260e-14
9.140311e+05 6.564652e-14
9.288979e+05 6.465392e-14
9.440065e+05 6.367465e-14
9.593608e+05 6.270854e-14
9.749649e+05 6.175545e-14
9.908228e+05 6.081523e-14
1.006939e+06 5.988772e-14
1.023317e+06 5.897278e-14
1.039961e+06 5.807026e-14
1.056876e+06 5.718002e-14
1.074066e+06 5.630191e-14
1.091536e+06 5.543579e-14
1.109290e+06 5.458153e-14
1.127333e+06 5.373897e-14
1.145669e+06 5.290799e-14
1.164303e+06 5.208844e-14
1.183241e+06 5.128019e-14
1.202486e+06 5.048311e-14
1.222045e+06 4.969706e-14
1.241921e+06 4.892191e-14
1.262121e+06 4.815754e-14
1.282650e+06 4.740381e-14
1.303512e+06 4.666059e-14
1.324714e+06 4.592777e-14
1.346261e+06 4.520521e-14
1.368158e+06 4.449278e-14
1.390411e+06 4.379038e-14
1.413026e+06 4.309787e-14
1.436009e+06 4.241514e-14
1.459366e+06 4.174207e-14
1.483103e+06 4.107854e-14
1.507225e+06 4.042443e-14
1.531740e+06 3.977963e-14
1.556654e+06 3.914402e-14
1.581973e+06 3.851749e-14
1.607704e+06 3.789994e-14
1.633854e+06 3.729124e-14
1.660429e+06 3.669129e-14
1.687436e+06 3.609998e-14
1.714882e+06 3.551720e-14
1.742775e+06 3.494285e-14
1.771121e+06 3.437683e-14
1.799929e+06 3.381901e-14
1.829205e+06 3.326932e-14
1.858957e+06 3.272763e-14
1.889193e+06 3.219386e-14
1.919921e+06 3.166790e-14
1.951148e+06 3.114965e-14
1.982884e+06 3.063902e-14
2.015136e+06 3.013590e-14
2.047912e+06 2.964021e-14
2.081222e+06 2.915184e-14
2.115073e+06 2.867071e-14
2.149475e+06 2.819672e-14
2.184436e+06 2.772978e-14
2.219966e+06 2.726980e-14
2.256074e+06 2.681669e-14
2.292769e+06 2.637035e-14
2.330061e+06 2.593071e-14
2.367960e+06 2.549767e-14
2.406475e+06 2.507115e-14
2.445617e+06 2.465107e-14
2.485395e+06 2.423733e-14
2.525820e+06 2.382986e-14
2.566903e+06 2.342857e-14
2.608654e+06 2.303338e-14
2.651084e+06 2.264421e-14
2.694204e+06 2.226099e-14
2.738025e+06 2.188363e-14
2.782559e+06 2.151205e-14
2.827818e+06 2.114618e-14
2.873813e+06 2.078594e-14
2.920556e+06 2.043125e-14
2.968059e+06 2.008204e-14
3.016334e+06 1.973824e-14
3.065395e+06 1.939978e-14
3.115254e+06 1.906657e-14
3.165924e+06 1.873856e-14
3.217418e+06 1.841566e-14
3.269750e+06 1.809781e-14
3.322933e+06 1.778494e-14
3.376980e+06 1.747699e-14
3.431907e+06 1.717388e-14
3.487727e+06 1.687554e-14
3.544456e+06 1.658192e-14
3.602107e+06 1.629295e-14
3.660695e+06 1.600855e-14
3.720237e+06 1.572868e-14
3.780747e+06 1.545326e-14
3.842241e+06 1.518223e-14
3.904735e+06 1.491553e-14
3.968246e+06 1.465310e-14
4.032790e+06 1.439489e-14
4.098384e+06 1.414082e-14
4.165044e+06 1.389085e-14
4.232789e+06 1.364491e-14
4.301636e+06 1.340295e-14
4.371602e+06 1.316491e-14
4.442707e+06 1.293073e-14
4.514968e+06 1.270036e-14
4.588404e+06 1.247375e-14
4.663035e+06 1.225083e-14
4.738880e+06 1.203156e-14
4.815958e+06 1.181589e-14
4.894290e+06 1.160375e-14
4.973896e+06 1.139511e-14
5.054797e+06 1.118991e-14
5.137014e+06 1.098809e-14
5.220568e+06 1.078962e-14
5.305481e+06 1.059444e-14
5.391775e+06 1.040249e-14
5.479472e+06 1.021375e-14
5.568596e+06 1.002815e-14
5.659170e+06 9.845645e-15
5.751217e+06 9.666200e-15
5.844761e+06 9.489763e-15
5.939827e+06 9.316290e-15
6.036439e+06 9.145737e-15
6.134622e+06 8.978060e-15
6.234402e+06 8.813216e-15
6.335805e+06 8.651162e-15
6.438857e+06 8.491855e-15
6.543586e+06 8.335255e-15
6.650018e+06 8.181320e-15
6.758181e+06 8.030010e-15
6.868104e+06 7.881284e-15
6.979814e+06 7.735104e-15
7.093341e+06 7.591429e-15
7.208715e+06 7.450223e-15
7.325965e+06 7.311446e-15
7.445123e+06 7.175061e-15
7.566219e+06 7.041031e-15
7.689284e+06 6.909320e-15
7.814351e+06 6.779892e-15
7.941452e+06 6.652710e-15
8.070620e+06 6.527741e-15
8.201889e+06 6.404949e-15
8.335294e+06 6.284301e-15
8.470868e+06 6.165762e-15
8.608648e+06 6.049299e-15
8.748668e+06 5.934880e-15
8.890966e+06 5.822472e-15
9.035578e+06 5.712044e-15
9.182543e+06 5.603563e-15
9.331898e+06 5.496999e-15
9.483682e+06 5.392321e-15
9.637935e+06 5.289500e-15
9.794697e+06 5.188504e-15
9.954008e+06 5.089306e-15
1.011591e+07 4.991875e-15
1.028045e+07 4.896184e-15
1.044766e+07 4.802203e-15
1.061759e+07 4.709907e-15
1.079029e+07 4.619266e-15
1.096579e+07 4.530254e-15
1.114415e+07 4.442845e-15
1.132541e+07 4.357012e-15
1.150962e+07 4.272730e-15
1.169683e+07 4.189972e-15
1.188708e+07 4.108714e-15
1.208042e+07 4.028931e-15
1.227691e+07 3.950599e-15
1.247660e+07 3.873693e-15
1.267953e+07 3.798191e-15
1.288576e+07 3.724067e-15
1.309535e+07 3.651300e-15
1.330835e+07 3.579867e-15
1.352481e+07 3.509745e-15
1.374479e+07 3.440913e-15
1.396835e+07 3.373348e-15
1.419555e+07 3.307029e-15
1.442644e+07 3.241936e-15
1.466109e+07 3.178047e-15
1.489955e+07 3.115343e-15
1.514189e+07 3.053802e-15
1.538818e+07 2.993405e-15
1.563847e+07 2.934133e-15
1.589283e+07 2.875966e-15
1.615133e+07 2.818885e-15
1.641403e+07 2.762872e-15
1.668101e+07 2.707908e-15
1.695232e+07 2.653976e-15
1.722805e+07 2.601057e-15
1.750827e+07 2.549133e-15
1.779304e+07 2.498188e-15
1.808245e+07 2.448205e-15
1.837656e+07 2.399166e-15
1.867546e+07 2.351056e-15
1.897922e+07 2.303858e-15
1.928792e+07 2.257555e-15
1.960163e+07 2.212133e-15
1.992046e+07 2.167576e-15
2.024447e+07 2.123868e-15
2.057374e+07 2.080995e-15
2.090838e+07 2.038942e-15
2.124845e+07 1.997694e-15
2.159406e+07 1.957237e-15
2.194529e+07 1.917556e-15
2.230223e+07 1.878639e-15
2.266498e+07 1.840471e-15
2.303363e+07 1.803040e-15
2.340827e+07 1.766330e-15
2.378901e+07 1.730331e-15
2.417594e+07 1.695029e-15
2.456916e+07 1.660411e-15
2.496878e+07 1.626465e-15
2.537490e+07 1.593180e-15
2.578763e+07 1.560542e-15
2.620707e+07 1.528540e-15
2.663333e+07 1.497163e-15
2.706652e+07 1.466399e-15
2.750676e+07 1.436238e-15
2.795416e+07 1.406667e-15
2.840884e+07 1.377677e-15
2.887091e+07 1.349256e-15
2.934050e+07 1.321394e-15
2.981772e+07 1.294081e-15
3.030271e+07 1.267307e-15
3.079559e+07 1.241061e-15
3.129648e+07 1.215335e-15
3.180552e+07 1.190117e-15
3.232284e+07 1.165400e-15
3.284857e+07 1.141173e-15
3.338286e+07 1.117428e-15
3.392583e+07 1.094154e-15
3.447764e+07 1.071345e-15
3.503842e+07 1.048990e-15
3.560833e+07 1.027082e-15
3.618750e+07 1.005612e-15
3.677609e+07 9.845715e-16
3.737426e+07 9.639527e-16
3.798215e+07 9.437476e-16
3.859994e+07 9.239484e-16
3.922777e+07 9.045473e-16
3.986581e+07 8.855369e-16
4.051423e+07 8.648942e-16
4.117320e+07 8.442139e-16
4.184289e+07 8.240280e-16
4.252346e+07 8.043248e-16
4.321511e+07 7.850927e-16
4.391801e+07 7.663205e-16
4.463234e+07 7.479971e-16
4.535829e+07 7.301119e-16
4.609604e+07 7.126543e-16
4.684580e+07 6.956141e-16
4.760775e+07 6.789814e-16
4.838210e+07 6.627464e-16
4.916904e+07 6.468996e-16
4.996877e+07 6.314317e-16
5.078152e+07 6.163336e-16
5.160749e+07 6.015965e-16
5.244689e+07 5.872119e-16
5.329994e+07 5.731711e-16
5.416687e+07 5.594661e-16
5.504790e+07 5.460888e-16
5.594326e+07 5.330314e-16
5.685318e+07 5.202861e-16
5.777790e+07 5.078457e-16
5.871766e+07 4.957027e-16
5.967271e+07 4.838500e-16
6.064329e+07 4.722807e-16
6.162966e+07 4.609881e-16
6.263207e+07 4.499655e-16
6.365079e+07 4.392064e-16
6.468608e+07 4.287046e-16
6.573820e+07 4.184539e-16
6.680744e+07 4.084484e-16
6.789407e+07 3.986820e-16
6.899837e+07 3.891492e-16
7.012064e+07 3.798443e-16
7.126115e+07 3.707619e-16
7.242022e+07 3.618967e-16
7.359814e+07 3.532434e-16
7.479523e+07 3.447971e-16
7.601178e+07 3.365527e-16
7.724811e+07 3.285054e-16
7.850456e+07 3.206506e-16
7.978145e+07 3.129836e-16
8.107910e+07 3.054999e-16
8.239786e+07 2.981951e-16
8.373807e+07 2.910650e-16
8.510007e+07 2.841054e-16
8.648423e+07 2.773122e-16
8.789091e+07 2.706814e-16
8.932046e+07 2.642092e-16
9.077327e+07 2.578918e-16
9.224970e+07 2.517253e-16
9.375015e+07 2.457064e-16
9.527500e+07 2.398313e-16
9.682466e+07 2.340968e-16
9.839952e+07 2.284993e-16
1.000000e+08 2.230357e-16
