# temperature[K] recRate[cm**3 s**-1]
1.000000e+01 3.533004e-11
1.016265e+01 3.499948e-11
1.032795e+01 3.467184e-11
1.049593e+01 3.434710e-11
1.066665e+01 3.402522e-11
1.084014e+01 3.370619e-11
1.101646e+01 3.338999e-11
1.119564e+01 3.307659e-11
1.137774e+01 3.276596e-11
1.156280e+01 3.245809e-11
1.175087e+01 3.215294e-11
1.194200e+01 3.185051e-11
1.213624e+01 3.155077e-11
1.233363e+01 3.125369e-11
1.253424e+01 3.095925e-11
1.273811e+01 3.066743e-11
1.294530e+01 3.037821e-11
1.315586e+01 3.009157e-11
1.336984e+01 2.980748e-11
1.358730e+01 2.952593e-11
1.380830e+01 2.924690e-11
1.403289e+01 2.897035e-11
1.426114e+01 2.869628e-11
1.449310e+01 2.842466e-11
1.472883e+01 2.815547e-11
1.496839e+01 2.788870e-11
1.521186e+01 2.762431e-11
1.545928e+01 2.736230e-11
1.571072e+01 2.710263e-11
1.596626e+01 2.684530e-11
1.622595e+01 2.659028e-11
1.648987e+01 2.633756e-11
1.675808e+01 2.608710e-11
1.703065e+01 2.583891e-11
1.730766e+01 2.559294e-11
1.758917e+01 2.534920e-11
1.787526e+01 2.510765e-11
1.816600e+01 2.486829e-11
1.846147e+01 2.463109e-11
1.876175e+01 2.439603e-11
1.906691e+01 2.416309e-11
1.937703e+01 2.393227e-11
1.969220e+01 2.370353e-11
2.001250e+01 2.347687e-11
2.033800e+01 2.325226e-11
2.066880e+01 2.302969e-11
2.100498e+01 2.280914e-11
2.134663e+01 2.259059e-11
2.169384e+01 2.237403e-11
2.204669e+01 2.215944e-11
2.240528e+01 2.194680e-11
2.276970e+01 2.173610e-11
2.314005e+01 2.152732e-11
2.351643e+01 2.132044e-11
2.389893e+01 2.111545e-11
2.428764e+01 2.091233e-11
2.468268e+01 2.071107e-11
2.508415e+01 2.051165e-11
2.549215e+01 2.031405e-11
2.590678e+01 2.011826e-11
2.632815e+01 1.992426e-11
2.675638e+01 1.973205e-11
2.719158e+01 1.954159e-11
2.763385e+01 1.935288e-11
2.808332e+01 1.916591e-11
2.854010e+01 1.898065e-11
2.900430e+01 1.879710e-11
2.947606e+01 1.861523e-11
2.995549e+01 1.843504e-11
3.044272e+01 1.825651e-11
3.093788e+01 1.807963e-11
3.144108e+01 1.790437e-11
3.195248e+01 1.773074e-11
3.247218e+01 1.755870e-11
3.300035e+01 1.738826e-11
3.353710e+01 1.721939e-11
3.408259e+01 1.705209e-11
3.463694e+01 1.688633e-11
3.520031e+01 1.672211e-11
3.577285e+01 1.655941e-11
3.635470e+01 1.639822e-11
3.694601e+01 1.623853e-11
3.754694e+01 1.608032e-11
3.815765e+01 1.592358e-11
3.877828e+01 1.576830e-11
3.940902e+01 1.561446e-11
4.005001e+01 1.546205e-11
4.070142e+01 1.531106e-11
4.136344e+01 1.516148e-11
4.203622e+01 1.501330e-11
4.271994e+01 1.486650e-11
4.341478e+01 1.472107e-11
4.412093e+01 1.457699e-11
4.483856e+01 1.443427e-11
4.556786e+01 1.429288e-11
4.630903e+01 1.415281e-11
4.706225e+01 1.401405e-11
4.782772e+01 1.387660e-11
4.860564e+01 1.374043e-11
4.939622e+01 1.360554e-11
5.019965e+01 1.347192e-11
5.101615e+01 1.333955e-11
5.184594e+01 1.320843e-11
5.268921e+01 1.307854e-11
5.354621e+01 1.294987e-11
5.441714e+01 1.282242e-11
5.530224e+01 1.269616e-11
5.620174e+01 1.257110e-11
5.711586e+01 1.244721e-11
5.804486e+01 1.232450e-11
5.898896e+01 1.220294e-11
5.994843e+01 1.208253e-11
6.092349e+01 1.196326e-11
6.191442e+01 1.184511e-11
6.292146e+01 1.172809e-11
6.394488e+01 1.161217e-11
6.498495e+01 1.149736e-11
6.604194e+01 1.138363e-11
6.711612e+01 1.127098e-11
6.820777e+01 1.115940e-11
6.931717e+01 1.104887e-11
7.044462e+01 1.093940e-11
7.159041e+01 1.083097e-11
7.275484e+01 1.072357e-11
7.393820e+01 1.061720e-11
7.514081e+01 1.051183e-11
7.636298e+01 1.040747e-11
7.760503e+01 1.030411e-11
7.886729e+01 1.020173e-11
8.015007e+01 1.010033e-11
8.145372e+01 9.999895e-12
8.277857e+01 9.900421e-12
8.412497e+01 9.801899e-12
8.549327e+01 9.704318e-12
8.688383e+01 9.607672e-12
8.829700e+01 9.511951e-12
8.973316e+01 9.417147e-12
9.119268e+01 9.323252e-12
9.267593e+01 9.230258e-12
9.418332e+01 9.138155e-12
9.571522e+01 9.046937e-12
9.727203e+01 8.956596e-12
9.885417e+01 8.867122e-12
1.004620e+02 8.778509e-12
1.020961e+02 8.690749e-12
1.037567e+02 8.603833e-12
1.054443e+02 8.517754e-12
1.071593e+02 8.432505e-12
1.089023e+02 8.348078e-12
1.106736e+02 8.264465e-12
1.124737e+02 8.181659e-12
1.143031e+02 8.099652e-12
1.161623e+02 8.018438e-12
1.180517e+02 7.938009e-12
1.199718e+02 7.858357e-12
1.219231e+02 7.779476e-12
1.239062e+02 7.701359e-12
1.259216e+02 7.623998e-12
1.279697e+02 7.547387e-12
1.300511e+02 7.471518e-12
1.321664e+02 7.396385e-12
1.343161e+02 7.321982e-12
1.365008e+02 7.248300e-12
1.387210e+02 7.175335e-12
1.409773e+02 7.103078e-12
1.432703e+02 7.031524e-12
1.456006e+02 6.960666e-12
1.479688e+02 6.890497e-12
1.503755e+02 6.821012e-12
1.528214e+02 6.752203e-12
1.553071e+02 6.684065e-12
1.578331e+02 6.616592e-12
1.604003e+02 6.549776e-12
1.630092e+02 6.483613e-12
1.656606e+02 6.418096e-12
1.683551e+02 6.353218e-12
1.710934e+02 6.288975e-12
1.738762e+02 6.225360e-12
1.767044e+02 6.162367e-12
1.795785e+02 6.099990e-12
1.824993e+02 6.038224e-12
1.854677e+02 5.977063e-12
1.884843e+02 5.916502e-12
1.915501e+02 5.856534e-12
1.946656e+02 5.797154e-12
1.978319e+02 5.738357e-12
2.010496e+02 5.680137e-12
2.043197e+02 5.622489e-12
2.076430e+02 5.565407e-12
2.110203e+02 5.508886e-12
2.144526e+02 5.452921e-12
2.179407e+02 5.397507e-12
2.214855e+02 5.342638e-12
2.250880e+02 5.288309e-12
2.287491e+02 5.234515e-12
2.324697e+02 5.181252e-12
2.362508e+02 5.128513e-12
2.400935e+02 5.076295e-12
2.439986e+02 5.024592e-12
2.479673e+02 4.973399e-12
2.520005e+02 4.922712e-12
2.560993e+02 4.872526e-12
2.602648e+02 4.822835e-12
2.644980e+02 4.773636e-12
2.688001e+02 4.724924e-12
2.731722e+02 4.676693e-12
2.776153e+02 4.628940e-12
2.821308e+02 4.581660e-12
2.867196e+02 4.534848e-12
2.913832e+02 4.488500e-12
2.961225e+02 4.442611e-12
3.009390e+02 4.397178e-12
3.058338e+02 4.352196e-12
3.108082e+02 4.307660e-12
3.158635e+02 4.263566e-12
3.210011e+02 4.219910e-12
3.262222e+02 4.176689e-12
3.315282e+02 4.133896e-12
3.369206e+02 4.091530e-12
3.424006e+02 4.049585e-12
3.479698e+02 4.008057e-12
3.536296e+02 3.966943e-12
3.593814e+02 3.926238e-12
3.652267e+02 3.885939e-12
3.711672e+02 3.846042e-12
3.772042e+02 3.806542e-12
3.833395e+02 3.767437e-12
3.895746e+02 3.728721e-12
3.959110e+02 3.690392e-12
4.023506e+02 3.652446e-12
4.088948e+02 3.614879e-12
4.155455e+02 3.577687e-12
4.223044e+02 3.540867e-12
4.291732e+02 3.504415e-12
4.361538e+02 3.468328e-12
4.432479e+02 3.432602e-12
4.504573e+02 3.397234e-12
4.577841e+02 3.362219e-12
4.652300e+02 3.327556e-12
4.727970e+02 3.293240e-12
4.804870e+02 3.259268e-12
4.883022e+02 3.225636e-12
4.962445e+02 3.192342e-12
5.043159e+02 3.159382e-12
5.125187e+02 3.126753e-12
5.208549e+02 3.094451e-12
5.293266e+02 3.062474e-12
5.379362e+02 3.030818e-12
5.466857e+02 2.999480e-12
5.555776e+02 2.968457e-12
5.646141e+02 2.937747e-12
5.737976e+02 2.907345e-12
5.831305e+02 2.877249e-12
5.926152e+02 2.847456e-12
6.022541e+02 2.817964e-12
6.120498e+02 2.788768e-12
6.220049e+02 2.759867e-12
6.321218e+02 2.731256e-12
6.424034e+02 2.702935e-12
6.528521e+02 2.674899e-12
6.634708e+02 2.647146e-12
6.742622e+02 2.619673e-12
6.852292e+02 2.592477e-12
6.963745e+02 2.565556e-12
7.077011e+02 2.538907e-12
7.192119e+02 2.512527e-12
7.309099e+02 2.486414e-12
7.427982e+02 2.460564e-12
7.548799e+02 2.434977e-12
7.671581e+02 2.409648e-12
7.796360e+02 2.384575e-12
7.923169e+02 2.359757e-12
8.052040e+02 2.335189e-12
8.183007e+02 2.310871e-12
8.316104e+02 2.286798e-12
8.451366e+02 2.262970e-12
8.588829e+02 2.239384e-12
8.728527e+02 2.216036e-12
8.870497e+02 2.192925e-12
9.014776e+02 2.170049e-12
9.161402e+02 2.147405e-12
9.310413e+02 2.124991e-12
9.461848e+02 2.102805e-12
9.615746e+02 2.080843e-12
9.772147e+02 2.059105e-12
9.931092e+02 2.037588e-12
1.009262e+03 2.016290e-12
1.025678e+03 1.995208e-12
1.042361e+03 1.974341e-12
1.059315e+03 1.953686e-12
1.076545e+03 1.933241e-12
1.094055e+03 1.913005e-12
1.111850e+03 1.892974e-12
1.129934e+03 1.873148e-12
1.148312e+03 1.853523e-12
1.166990e+03 1.834099e-12
1.185971e+03 1.814872e-12
1.205261e+03 1.795842e-12
1.224865e+03 1.777005e-12
1.244787e+03 1.758361e-12
1.265034e+03 1.739907e-12
1.285610e+03 1.721641e-12
1.306520e+03 1.703562e-12
1.327771e+03 1.685668e-12
1.349367e+03 1.667956e-12
1.371315e+03 1.650426e-12
1.393619e+03 1.633074e-12
1.416287e+03 1.615900e-12
1.439323e+03 1.598901e-12
1.462733e+03 1.582077e-12
1.486525e+03 1.565424e-12
1.510703e+03 1.548942e-12
1.535275e+03 1.532629e-12
1.560246e+03 1.516482e-12
1.585624e+03 1.500501e-12
1.611414e+03 1.484684e-12
1.637624e+03 1.469029e-12
1.664260e+03 1.453534e-12
1.691330e+03 1.438198e-12
1.718839e+03 1.423019e-12
1.746796e+03 1.407996e-12
1.775208e+03 1.393127e-12
1.804082e+03 1.378411e-12
1.833425e+03 1.363845e-12
1.863246e+03 1.349430e-12
1.893552e+03 1.335162e-12
1.924351e+03 1.321041e-12
1.955651e+03 1.307065e-12
1.987460e+03 1.293232e-12
2.019786e+03 1.279542e-12
2.052638e+03 1.265992e-12
2.086024e+03 1.252582e-12
2.119953e+03 1.239310e-12
2.154435e+03 1.226174e-12
2.189477e+03 1.213173e-12
2.225089e+03 1.200306e-12
2.261280e+03 1.187572e-12
2.298060e+03 1.174969e-12
2.335438e+03 1.162496e-12
2.373424e+03 1.150151e-12
2.412028e+03 1.137933e-12
2.451260e+03 1.125841e-12
2.491130e+03 1.113874e-12
2.531648e+03 1.102031e-12
2.572826e+03 1.090309e-12
2.614673e+03 1.078709e-12
2.657201e+03 1.067228e-12
2.700421e+03 1.055866e-12
2.744343e+03 1.044621e-12
2.788980e+03 1.033492e-12
2.834343e+03 1.022478e-12
2.880444e+03 1.011578e-12
2.927295e+03 1.000790e-12
2.974908e+03 9.901140e-13
3.023295e+03 9.795483e-13
3.072469e+03 9.690919e-13
3.122443e+03 9.587437e-13
3.173230e+03 9.485024e-13
3.224842e+03 9.383672e-13
3.277295e+03 9.283369e-13
3.330600e+03 9.184104e-13
3.384773e+03 9.085867e-13
3.439826e+03 8.988647e-13
3.495776e+03 8.892434e-13
3.552635e+03 8.797219e-13
3.610419e+03 8.702990e-13
3.669142e+03 8.609738e-13
3.728821e+03 8.517453e-13
3.789471e+03 8.426124e-13
3.851107e+03 8.335744e-13
3.913746e+03 8.246301e-13
3.977403e+03 8.157786e-13
4.042096e+03 8.070190e-13
4.107841e+03 7.983503e-13
4.174655e+03 7.897717e-13
4.242556e+03 7.812822e-13
4.311562e+03 7.728808e-13
4.381690e+03 7.645668e-13
4.452959e+03 7.563392e-13
4.525386e+03 7.481971e-13
4.598992e+03 7.401397e-13
4.673795e+03 7.321661e-13
4.749815e+03 7.242755e-13
4.827071e+03 7.164670e-13
4.905584e+03 7.087397e-13
4.985373e+03 7.010929e-13
5.066461e+03 6.935257e-13
5.148867e+03 6.860373e-13
5.232614e+03 6.786270e-13
5.317723e+03 6.712938e-13
5.404216e+03 6.640371e-13
5.492116e+03 6.568560e-13
5.581446e+03 6.497498e-13
5.672229e+03 6.427177e-13
5.764488e+03 6.357590e-13
5.858248e+03 6.288729e-13
5.953533e+03 6.220586e-13
6.050368e+03 6.153155e-13
6.148778e+03 6.086428e-13
6.248788e+03 6.020397e-13
6.350425e+03 5.955057e-13
6.453715e+03 5.890399e-13
6.558686e+03 5.826417e-13
6.665363e+03 5.763104e-13
6.773776e+03 5.700452e-13
6.883952e+03 5.638456e-13
6.995920e+03 5.577109e-13
7.109709e+03 5.516403e-13
7.225349e+03 5.456333e-13
7.342870e+03 5.396891e-13
7.462303e+03 5.338072e-13
7.583678e+03 5.279869e-13
7.707027e+03 5.222275e-13
7.832383e+03 5.165285e-13
7.959777e+03 5.108893e-13
8.089243e+03 5.053091e-13
8.220816e+03 4.997875e-13
8.354528e+03 4.943237e-13
8.490415e+03 4.889173e-13
8.628513e+03 4.835676e-13
8.768856e+03 4.782741e-13
8.911482e+03 4.730361e-13
9.056428e+03 4.678531e-13
9.203732e+03 4.627246e-13
9.353432e+03 4.576500e-13
9.505566e+03 4.526286e-13
9.660175e+03 4.476601e-13
9.817298e+03 4.427438e-13
9.976978e+03 4.378792e-13
1.013925e+04 4.330657e-13
1.030417e+04 4.283030e-13
1.047177e+04 4.235903e-13
1.064209e+04 4.189272e-13
1.081519e+04 4.143133e-13
1.099110e+04 4.097479e-13
1.116987e+04 4.052307e-13
1.135155e+04 4.007610e-13
1.153618e+04 3.963385e-13
1.172382e+04 3.919626e-13
1.191451e+04 3.876328e-13
1.210830e+04 3.833487e-13
1.230524e+04 3.791099e-13
1.250539e+04 3.749157e-13
1.270879e+04 3.707659e-13
1.291550e+04 3.666599e-13
1.312557e+04 3.625972e-13
1.333906e+04 3.585775e-13
1.355602e+04 3.546003e-13
1.377651e+04 3.506652e-13
1.400058e+04 3.467717e-13
1.422830e+04 3.429194e-13
1.445973e+04 3.391079e-13
1.469492e+04 3.353367e-13
1.493393e+04 3.316055e-13
1.517683e+04 3.279139e-13
1.542369e+04 3.242614e-13
1.567455e+04 3.206476e-13
1.592950e+04 3.170722e-13
1.618860e+04 3.135348e-13
1.645191e+04 3.100350e-13
1.671950e+04 3.065724e-13
1.699144e+04 3.031466e-13
1.726781e+04 2.997572e-13
1.754867e+04 2.964040e-13
1.783410e+04 2.930865e-13
1.812418e+04 2.898044e-13
1.841897e+04 2.865574e-13
1.871855e+04 2.833450e-13
1.902301e+04 2.801670e-13
1.933242e+04 2.770230e-13
1.964687e+04 2.739127e-13
1.996642e+04 2.708358e-13
2.029118e+04 2.677920e-13
2.062122e+04 2.647808e-13
2.095662e+04 2.618022e-13
2.129749e+04 2.588556e-13
2.164389e+04 2.559409e-13
2.199593e+04 2.530577e-13
2.235370e+04 2.502058e-13
2.271728e+04 2.473848e-13
2.308678e+04 2.445945e-13
2.346229e+04 2.418347e-13
2.384390e+04 2.391051e-13
2.423173e+04 2.364053e-13
2.462586e+04 2.337353e-13
2.502640e+04 2.310947e-13
2.543346e+04 2.284833e-13
2.584714e+04 2.259009e-13
2.626754e+04 2.233473e-13
2.669478e+04 2.208223e-13
2.712898e+04 2.183258e-13
2.757023e+04 2.158575e-13
2.801867e+04 2.134173e-13
2.847439e+04 2.110052e-13
2.893753e+04 2.086210e-13
2.940820e+04 2.062646e-13
2.988653e+04 2.039360e-13
3.037264e+04 2.016353e-13
3.086665e+04 1.993624e-13
3.136870e+04 1.971175e-13
3.187891e+04 1.949007e-13
3.239743e+04 1.927122e-13
3.292437e+04 1.905523e-13
3.345989e+04 1.884212e-13
3.400412e+04 1.863195e-13
3.455720e+04 1.842476e-13
3.511928e+04 1.822062e-13
3.569049e+04 1.801960e-13
3.627100e+04 1.782177e-13
3.686095e+04 1.762725e-13
3.746050e+04 1.743615e-13
3.806980e+04 1.724859e-13
3.868901e+04 1.706472e-13
3.931829e+04 1.688470e-13
3.995780e+04 1.670872e-13
4.060772e+04 1.653698e-13
4.126821e+04 1.636972e-13
4.193944e+04 1.620718e-13
4.262159e+04 1.604965e-13
4.331483e+04 1.589742e-13
4.401935e+04 1.575083e-13
4.473533e+04 1.561024e-13
4.546295e+04 1.547603e-13
4.620241e+04 1.534864e-13
4.695390e+04 1.522851e-13
4.771761e+04 1.511613e-13
4.849374e+04 1.501201e-13
4.928250e+04 1.491671e-13
5.008408e+04 1.483081e-13
5.089870e+04 1.475492e-13
5.172657e+04 1.468971e-13
5.256791e+04 1.463584e-13
5.342293e+04 1.459403e-13
5.429186e+04 1.456502e-13
5.517492e+04 1.454958e-13
5.607235e+04 1.454852e-13
5.698437e+04 1.456265e-13
5.791123e+04 1.459283e-13
5.885316e+04 1.463991e-13
5.981041e+04 1.470479e-13
6.078323e+04 1.478836e-13
6.177188e+04 1.489153e-13
6.277660e+04 1.501523e-13
6.379767e+04 1.516037e-13
6.483534e+04 1.532788e-13
6.588990e+04 1.551867e-13
6.696160e+04 1.573367e-13
6.805074e+04 1.597376e-13
6.915759e+04 1.623984e-13
7.028244e+04 1.653275e-13
7.142559e+04 1.685335e-13
7.258734e+04 1.720242e-13
7.376798e+04 1.758074e-13
7.496782e+04 1.798903e-13
7.618718e+04 1.842798e-13
7.742637e+04 1.889823e-13
7.868572e+04 1.940034e-13
7.996555e+04 1.993485e-13
8.126619e+04 2.050220e-13
8.258799e+04 2.110280e-13
8.393129e+04 2.173697e-13
8.529644e+04 2.240496e-13
8.668380e+04 2.310694e-13
8.809372e+04 2.384301e-13
8.952657e+04 2.461319e-13
9.098273e+04 2.541740e-13
9.246257e+04 2.625550e-13
9.396648e+04 2.712724e-13
9.549486e+04 2.803229e-13
9.704809e+04 2.897024e-13
9.862658e+04 2.994059e-13
1.002308e+05 3.094275e-13
1.018610e+05 3.197602e-13
1.035178e+05 3.303966e-13
1.052015e+05 3.413280e-13
1.069126e+05 3.525451e-13
1.086516e+05 3.640377e-13
1.104188e+05 3.757948e-13
1.122148e+05 3.878048e-13
1.140400e+05 4.000551e-13
1.158948e+05 4.125325e-13
1.177799e+05 4.252232e-13
1.196956e+05 4.381127e-13
1.216424e+05 4.511860e-13
1.236210e+05 4.644274e-13
1.256317e+05 4.778208e-13
1.276751e+05 4.913496e-13
1.297517e+05 5.049968e-13
1.318621e+05 5.187451e-13
1.340069e+05 5.325769e-13
1.361865e+05 5.464742e-13
1.384016e+05 5.604188e-13
1.406527e+05 5.743926e-13
1.429405e+05 5.883771e-13
1.452654e+05 6.023539e-13
1.476281e+05 6.163045e-13
1.500293e+05 6.302106e-13
1.524696e+05 6.440537e-13
1.549495e+05 6.578158e-13
1.574698e+05 6.714788e-13
1.600310e+05 6.850250e-13
1.626340e+05 6.984368e-13
1.652792e+05 7.116972e-13
1.679675e+05 7.247893e-13
1.706995e+05 7.376966e-13
1.734759e+05 7.504032e-13
1.762975e+05 7.628936e-13
1.791650e+05 7.751526e-13
1.820792e+05 7.871657e-13
1.850407e+05 7.989191e-13
1.880504e+05 8.103992e-13
1.911091e+05 8.215932e-13
1.942175e+05 8.324890e-13
1.973764e+05 8.430749e-13
2.005868e+05 8.533401e-13
2.038493e+05 8.632743e-13
2.071650e+05 8.728678e-13
2.105345e+05 8.821117e-13
2.139589e+05 8.909979e-13
2.174389e+05 8.995186e-13
2.209756e+05 9.076671e-13
2.245698e+05 9.154372e-13
2.282224e+05 9.228233e-13
2.319345e+05 9.298206e-13
2.357069e+05 9.364250e-13
2.395407e+05 9.426329e-13
2.434369e+05 9.484416e-13
2.473964e+05 9.538489e-13
2.514203e+05 9.588531e-13
2.555097e+05 9.634534e-13
2.596656e+05 9.676495e-13
2.638891e+05 9.714416e-13
2.681813e+05 9.748305e-13
2.725433e+05 9.778176e-13
2.769762e+05 9.804049e-13
2.814812e+05 9.825948e-13
2.860596e+05 9.843903e-13
2.907123e+05 9.857947e-13
2.954408e+05 9.868121e-13
3.002462e+05 9.874467e-13
3.051297e+05 9.877032e-13
3.100927e+05 9.875867e-13
3.151363e+05 9.871029e-13
3.202621e+05 9.862575e-13
3.254712e+05 9.850568e-13
3.307650e+05 9.835072e-13
3.361449e+05 9.816156e-13
3.416123e+05 9.793889e-13
3.471687e+05 9.768344e-13
3.528154e+05 9.739598e-13
3.585540e+05 9.707727e-13
3.643859e+05 9.672810e-13
3.703127e+05 9.634928e-13
3.763358e+05 9.594164e-13
3.824570e+05 9.550599e-13
3.886777e+05 9.504320e-13
3.949995e+05 9.455411e-13
4.014242e+05 9.403959e-13
4.079535e+05 9.350050e-13
4.145888e+05 9.293771e-13
4.213322e+05 9.235210e-13
4.281852e+05 9.174454e-13
4.351497e+05 9.111591e-13
4.422274e+05 9.046708e-13
4.494203e+05 8.979892e-13
4.567301e+05 8.911228e-13
4.641589e+05 8.840805e-13
4.717085e+05 8.768706e-13
4.793808e+05 8.695017e-13
4.871780e+05 8.619820e-13
4.951020e+05 8.543200e-13
5.031549e+05 8.465238e-13
5.113388e+05 8.386014e-13
5.196557e+05 8.305608e-13
5.281080e+05 8.224098e-13
5.366977e+05 8.141561e-13
5.454271e+05 8.058074e-13
5.542986e+05 7.973709e-13
5.633143e+05 7.888540e-13
5.724766e+05 7.802638e-13
5.817880e+05 7.716072e-13
5.912508e+05 7.628911e-13
6.008676e+05 7.541220e-13
6.106408e+05 7.453066e-13
6.205729e+05 7.364510e-13
6.306666e+05 7.275615e-13
6.409244e+05 7.186440e-13
6.513491e+05 7.097043e-13
6.619433e+05 7.007480e-13
6.727099e+05 6.917807e-13
6.836516e+05 6.828075e-13
6.947713e+05 6.738337e-13
7.060718e+05 6.648642e-13
7.175561e+05 6.559037e-13
7.292272e+05 6.469569e-13
7.410882e+05 6.380283e-13
7.531420e+05 6.291220e-13
7.653919e+05 6.202423e-13
7.778411e+05 6.113930e-13
7.904928e+05 6.025781e-13
8.033502e+05 5.938010e-13
8.164168e+05 5.850653e-13
8.296959e+05 5.763743e-13
8.431909e+05 5.677312e-13
8.569055e+05 5.591389e-13
8.708431e+05 5.506005e-13
8.850075e+05 5.421186e-13
8.994022e+05 5.336958e-13
9.140311e+05 5.253346e-13
9.288979e+05 5.170373e-13
9.440065e+05 5.088061e-13
9.593608e+05 5.006431e-13
9.749649e+05 4.925501e-13
9.908228e+05 4.845291e-13
1.006939e+06 4.765817e-13
1.023317e+06 4.687096e-13
1.039961e+06 4.609141e-13
1.056876e+06 4.531967e-13
1.074066e+06 4.455586e-13
1.091536e+06 4.380009e-13
1.109290e+06 4.305248e-13
1.127333e+06 4.231312e-13
1.145669e+06 4.158209e-13
1.164303e+06 4.085947e-13
1.183241e+06 4.014534e-13
1.202486e+06 3.943975e-13
1.222045e+06 3.874276e-13
1.241921e+06 3.805440e-13
1.262121e+06 3.737472e-13
1.282650e+06 3.670375e-13
1.303512e+06 3.604152e-13
1.324714e+06 3.538802e-13
1.346261e+06 3.474329e-13
1.368158e+06 3.410731e-13
1.390411e+06 3.348010e-13
1.413026e+06 3.286163e-13
1.436009e+06 3.225190e-13
1.459366e+06 3.165089e-13
1.483103e+06 3.105857e-13
1.507225e+06 3.047493e-13
1.531740e+06 2.989992e-13
1.556654e+06 2.933350e-13
1.581973e+06 2.877565e-13
1.607704e+06 2.822631e-13
1.633854e+06 2.768543e-13
1.660429e+06 2.715297e-13
1.687436e+06 2.662887e-13
1.714882e+06 2.611307e-13
1.742775e+06 2.560551e-13
1.771121e+06 2.510613e-13
1.799929e+06 2.461486e-13
1.829205e+06 2.413163e-13
1.858957e+06 2.365638e-13
1.889193e+06 2.318903e-13
1.919921e+06 2.272950e-13
1.951148e+06 2.227773e-13
1.982884e+06 2.183362e-13
2.015136e+06 2.139711e-13
2.047912e+06 2.096811e-13
2.081222e+06 2.054655e-13
2.115073e+06 2.013233e-13
2.149475e+06 1.972537e-13
2.184436e+06 1.932560e-13
2.219966e+06 1.893291e-13
2.256074e+06 1.854724e-13
2.292769e+06 1.816848e-13
2.330061e+06 1.779655e-13
2.367960e+06 1.743137e-13
2.406475e+06 1.707284e-13
2.445617e+06 1.672089e-13
2.485395e+06 1.637540e-13
2.525820e+06 1.603631e-13
2.566903e+06 1.570352e-13
2.608654e+06 1.537694e-13
2.651084e+06 1.505649e-13
2.694204e+06 1.474207e-13
2.738025e+06 1.443359e-13
2.782559e+06 1.413097e-13
2.827818e+06 1.383413e-13
2.873813e+06 1.354296e-13
2.920556e+06 1.325739e-13
2.968059e+06 1.297733e-13
3.016334e+06 1.270268e-13
3.065395e+06 1.243338e-13
3.115254e+06 1.216933e-13
3.165924e+06 1.191044e-13
3.217418e+06 1.165664e-13
3.269750e+06 1.140784e-13
3.322933e+06 1.116395e-13
3.376980e+06 1.092490e-13
3.431907e+06 1.069061e-13
3.487727e+06 1.046098e-13
3.544456e+06 1.023596e-13
3.602107e+06 1.001545e-13
3.660695e+06 9.799373e-14
3.720237e+06 9.587661e-14
3.780747e+06 9.380233e-14
3.842241e+06 9.177014e-14
3.904735e+06 8.977930e-14
3.968246e+06 8.782907e-14
4.032790e+06 8.591872e-14
4.098384e+06 8.404753e-14
4.165044e+06 8.221480e-14
4.232789e+06 8.041982e-14
4.301636e+06 7.866190e-14
4.371602e+06 7.694036e-14
4.442707e+06 7.525453e-14
4.514968e+06 7.360375e-14
4.588404e+06 7.198735e-14
4.663035e+06 7.040469e-14
4.738880e+06 6.885514e-14
4.815958e+06 6.733807e-14
4.894290e+06 6.585287e-14
4.973896e+06 6.439892e-14
5.054797e+06 6.297562e-14
5.137014e+06 6.158239e-14
5.220568e+06 6.021865e-14
5.305481e+06 5.888382e-14
5.391775e+06 5.757733e-14
5.479472e+06 5.629865e-14
5.568596e+06 5.504721e-14
5.659170e+06 5.382249e-14
5.751217e+06 5.262396e-14
5.844761e+06 5.145109e-14
5.939827e+06 5.030339e-14
6.036439e+06 4.918034e-14
6.134622e+06 4.808145e-14
6.234402e+06 4.700625e-14
6.335805e+06 4.595424e-14
6.438857e+06 4.492497e-14
6.543586e+06 4.391798e-14
6.650018e+06 4.293281e-14
6.758181e+06 4.196902e-14
6.868104e+06 4.102617e-14
6.979814e+06 4.010383e-14
7.093341e+06 3.920159e-14
7.208715e+06 3.831903e-14
7.325965e+06 3.745575e-14
7.445123e+06 3.661134e-14
7.566219e+06 3.578542e-14
7.689284e+06 3.497760e-14
7.814351e+06 3.418751e-14
7.941452e+06 3.341478e-14
8.070620e+06 3.265904e-14
8.201889e+06 3.191994e-14
8.335294e+06 3.119713e-14
8.470868e+06 3.049027e-14
8.608648e+06 2.979902e-14
8.748668e+06 2.912305e-14
8.890966e+06 2.846204e-14
9.035578e+06 2.781568e-14
9.182543e+06 2.718365e-14
9.331898e+06 2.656564e-14
9.483682e+06 2.596137e-14
9.637935e+06 2.537053e-14
9.794697e+06 2.479284e-14
9.954008e+06 2.422801e-14
1.011591e+07 2.365646e-14
1.028045e+07 2.309082e-14
1.044766e+07 2.253870e-14
1.061759e+07 2.199978e-14
1.079029e+07 2.147375e-14
1.096579e+07 2.096029e-14
1.114415e+07 2.045911e-14
1.132541e+07 1.996992e-14
1.150962e+07 1.949242e-14
1.169683e+07 1.902634e-14
1.188708e+07 1.857140e-14
1.208042e+07 1.812735e-14
1.227691e+07 1.769391e-14
1.247660e+07 1.727083e-14
1.267953e+07 1.685787e-14
1.288576e+07 1.645478e-14
1.309535e+07 1.606134e-14
1.330835e+07 1.567730e-14
1.352481e+07 1.530244e-14
1.374479e+07 1.493654e-14
1.396835e+07 1.457940e-14
1.419555e+07 1.423079e-14
1.442644e+07 1.389052e-14
1.466109e+07 1.355839e-14
1.489955e+07 1.323420e-14
1.514189e+07 1.291776e-14
1.538818e+07 1.260888e-14
1.563847e+07 1.230739e-14
1.589283e+07 1.201311e-14
1.615133e+07 1.172587e-14
1.641403e+07 1.144549e-14
1.668101e+07 1.117182e-14
1.695232e+07 1.090469e-14
1.722805e+07 1.064395e-14
1.750827e+07 1.038945e-14
1.779304e+07 1.014103e-14
1.808245e+07 9.898547e-15
1.837656e+07 9.661865e-15
1.867546e+07 9.430841e-15
1.897922e+07 9.205342e-15
1.928792e+07 8.985235e-15
1.960163e+07 8.770390e-15
1.992046e+07 8.560683e-15
2.024447e+07 8.355990e-15
2.057374e+07 8.156191e-15
2.090838e+07 7.961170e-15
2.124845e+07 7.770811e-15
2.159406e+07 7.585005e-15
2.194529e+07 7.403641e-15
2.230223e+07 7.226614e-15
2.266498e+07 7.053819e-15
2.303363e+07 6.885156e-15
2.340827e+07 6.720527e-15
2.378901e+07 6.559833e-15
2.417594e+07 6.402982e-15
2.456916e+07 6.249881e-15
2.496878e+07 6.100441e-15
2.537490e+07 5.954575e-15
2.578763e+07 5.812196e-15
2.620707e+07 5.673221e-15
2.663333e+07 5.537570e-15
2.706652e+07 5.405162e-15
2.750676e+07 5.275920e-15
2.795416e+07 5.149768e-15
2.840884e+07 5.026633e-15
2.887091e+07 4.906442e-15
2.934050e+07 4.789125e-15
2.981772e+07 4.674613e-15
3.030271e+07 4.562839e-15
3.079559e+07 4.453738e-15
3.129648e+07 4.347245e-15
3.180552e+07 4.243299e-15
3.232284e+07 4.141838e-15
3.284857e+07 4.042803e-15
3.338286e+07 3.946136e-15
3.392583e+07 3.851781e-15
3.447764e+07 3.759681e-15
3.503842e+07 3.669784e-15
3.560833e+07 3.582037e-15
3.618750e+07 3.496387e-15
3.677609e+07 3.412786e-15
3.737426e+07 3.331183e-15
3.798215e+07 3.251532e-15
3.859994e+07 3.173785e-15
3.922777e+07 3.097897e-15
3.986581e+07 3.023824e-15
4.051423e+07 2.951521e-15
4.117320e+07 2.880948e-15
4.184289e+07 2.812062e-15
4.252346e+07 2.744823e-15
4.321511e+07 2.679192e-15
4.391801e+07 2.615131e-15
4.463234e+07 2.552601e-15
4.535829e+07 2.491566e-15
4.609604e+07 2.431990e-15
4.684580e+07 2.373839e-15
4.760775e+07 2.317079e-15
4.838210e+07 2.261676e-15
4.916904e+07 2.207597e-15
4.996877e+07 2.154812e-15
5.078152e+07 2.103288e-15
5.160749e+07 2.052997e-15
5.244689e+07 2.003908e-15
5.329994e+07 1.955993e-15
5.416687e+07 1.909223e-15
5.504790e+07 1.863572e-15
5.594326e+07 1.819013e-15
5.685318e+07 1.775519e-15
5.777790e+07 1.733064e-15
5.871766e+07 1.691625e-15
5.967271e+07 1.651177e-15
6.064329e+07 1.611696e-15
6.162966e+07 1.573159e-15
6.263207e+07 1.535544e-15
6.365079e+07 1.498827e-15
6.468608e+07 1.462989e-15
6.573820e+07 1.428008e-15
6.680744e+07 1.393863e-15
6.789407e+07 1.360535e-15
6.899837e+07 1.328003e-15
7.012064e+07 1.296249e-15
7.126115e+07 1.265255e-15
7.242022e+07 1.235002e-15
7.359814e+07 1.205472e-15
7.479523e+07 1.176648e-15
7.601178e+07 1.148513e-15
7.724811e+07 1.121051e-15
7.850456e+07 1.094246e-15
7.978145e+07 1.068082e-15
8.107910e+07 1.042543e-15
8.239786e+07 1.017615e-15
8.373807e+07 9.932829e-16
8.510007e+07 9.695327e-16
8.648423e+07 9.463504e-16
8.789091e+07 9.237223e-16
8.932046e+07 9.016353e-16
9.077327e+07 8.800765e-16
9.224970e+07 8.590331e-16
9.375015e+07 8.384929e-16
9.527500e+07 8.184438e-16
9.682466e+07 7.988742e-16
9.839952e+07 7.797724e-16
1.000000e+08 7.611274e-16
